# General sensor definitions.
sensor_type: camera
comment: Samsung Odyssey+ Camera

# Sensor extrinsics wrt. the body-frame.
T_BS:
  cols: 4
  rows: 4
  data: [0.9184477012197224, 0.006814501455941813, -0.3954837325277928, -0.08323388702651224,
         0.1357078093951938, 0.9337332184585131, 0.3312486486255676, -0.002218366214987864,
         0.3715335928194994, -0.35790479085507354, 0.8566603469810079, 0.005626638959664241,
         0.0, 0.0, 0.0, 1.0]

# Camera specific definitions.
rate_hz: 30
resolution: [640, 480]
camera_model: pinhole
intrinsics: [269.3157388466649, 269.2500852335917, 323.6367354444056, 245.37262901935367] #fu, fv, cu, cv
distortion_model: radial-tangential8
distortion_coefficients: [0.4896735773708656, 0.15364417808237318, -0.00023052089722471787,
                          0.0003100581060316594, 0.00907202623907521, 0.760924032106806, 0.1699934621377647,
                          0.040322943929294] # k1, k2, p1, p2, k3, k4, k5, k6



