# General sensor definitions.
sensor_type: camera
comment: Samsung Odyssey+ Camera

# Sensor extrinsics wrt. the body-frame.
T_BS:
  cols: 4
  rows: 4
  data: [0.9169473808337745, 0.004955465029392203, 0.3989773729779966, 0.022239747333591468,
         -0.15123925026697327, 0.929626218566189, 0.3360383652695211, -0.002331785076783077,
         -0.36923460016737975, -0.36847053765622934, 0.8531677870844424, 0.005312605812652759,
         0.0, 0.0, 0.0, 1.0]

# Camera specific definitions.
rate_hz: 30
resolution: [640, 480]
camera_model: pinhole
intrinsics: [270.6592897084914, 270.6889084240239, 323.6443046844411, 250.56110650729707] #fu, fv, cu, cv
distortion_model: radial-tangential8
distortion_coefficients: [0.5124456275983791, 0.1183716939017548, 6.664706390223596e-05,
                          0.0008408430780571384, 0.011001285241218404, 0.7946602801800285, 0.1281440933685308,
                          0.039739477209162065] # k1, k2, p1, p2, k3, k4, k5, k6



