# General sensor definitions.
sensor_type: camera
comment: Valve Index Camera

# Sensor extrinsics wrt. the body-frame.
T_BS:
  cols: 4
  rows: 4
  data: [0.015499520450221071, 0.9998798559060368, 0.0001965175227435778, 0.06917789156550716,
      -0.9969334637731943, 0.01543876948824141, 0.07671579502208402, 0.12085668743462545,
      0.07670354408366437, -0.001384972928440642, 0.9970529816288567, 0.012667308040189403,
      0.0, 0.0, 0.0, 1.0]

# Camera specific definitions.
rate_hz: 54
resolution: [960, 960]
camera_model: pinhole
intrinsics: [421.23561386503076, 421.4668948188076, 467.746800268133, 484.4807401358835] #fu, fv, cu, cv
distortion_model: radial-tangential8
distortion_coefficients: [0.00010833706764279817, 0.0020852934669309585, 2.732762364402409e-07,
      -2.7121692029207587e-07, 8.00967425983354e-08, 0.08086045956434132, 0.008319953204836639,
      1.5525470378559292e-05] # k1, k2, p1, p2, k3, k4, k5, k6


