# General sensor definitions.
sensor_type: camera
comment: Valve Index Camera

# Sensor extrinsics wrt. the body-frame.
T_BS:
  cols: 4
  rows: 4
  data: [0.021535931033980826, 0.9995998465532432, 0.018339859465996557, 0.06906817063497311,
      -0.9968529688349355, 0.02286934463860607, -0.07590225030113408, -0.012925461789829002,
      -0.07629129832081094, -0.016647517728884998, 0.9969465873124757, 0.013021838608092437,
      0.0, 0.0, 0.0, 1.0]

# Camera specific definitions.
rate_hz: 54
resolution: [960, 960]
camera_model: pinhole
intrinsics: [420.52740656467927, 420.668449021409, 469.48259744072743, 479.1369038467134] #fu, fv, cu, cv
distortion_model: radial-tangential8
distortion_coefficients: [0.00033910941623906436, 0.0016526977059368436, 2.0382438109564118e-07,
      -1.9941820902364245e-07, 4.7690647490781044e-08, 0.08285582144993399, 0.007074083130056834,
      1.2021299767958244e-05] # k1, k2, p1, p2, k3, k4, k5, k6



