# General sensor definitions.
sensor_type: camera
comment: Valve Index Camera

# Sensor extrinsics wrt. the body-frame.
T_BS:
  cols: 4
  rows: 4
  data: [0.021815299919617226, 0.9995824669291672, 0.018946886214303387, 0.06878929687462956,
         -0.9967955295565468, 0.023205500609482843, -0.07655179290876915, -0.014242597915617126,
         -0.076959501983192, -0.01721617115574495, 0.9968855694136793, 0.010952250701108236,
         0.0, 0.0, 0.0, 1.0]

# Camera specific definitions.
rate_hz: 54
resolution: [960, 960]
camera_model: pinhole
intrinsics: [421.13049451321916, 421.1811382629241, 467.3993617404934, 484.2058878943831] #fu, fv, cu, cv
distortion_model: radial-tangential8
distortion_coefficients: [12.083665279916433, 8.328063289692405, 0.00013706577524923318,
    0.00047216337967221625, 0.7803475118448734, 12.236473503288277, 9.749696702702666,
    2.7934480578433702] # k1, k2, p1, p2, k3, k4, k5, k6

