# General sensor definitions.
sensor_type: camera
comment: Valve Index Camera

# Sensor extrinsics wrt. the body-frame.
T_BS:
  cols: 4
  rows: 4
  data: [0.01578079069585575, 0.9998749932305361, 0.0009821187551574753, 0.06891723980288252,
         -0.9969556131278782, 0.015659688788235038, 0.07638245610002425, 0.1194375162243693,
         0.07635752810188462, -0.0021845043582622847, 0.9970781091985115, 0.010620914860482425,
         0.0, 0.0, 0.0, 1.0]

# Camera specific definitions.
rate_hz: 54
resolution: [960, 960]
camera_model: pinhole
intrinsics: [420.87543153743377, 420.98111734621693, 469.280769336615, 479.1008669368344] #fu, fv, cu, cv
distortion_model: radial-tangential8
distortion_coefficients: [20.391491525855695, 13.296376109798059, 3.3499524495992367e-06,
    -0.00016905320907310926, 1.2827871067810053, 20.58288546853957, 15.718842380446702,
    4.57076872023613] # k1, k2, p1, p2, k3, k4, k5, k6
