# General sensor definitions.
sensor_type: camera
comment: Reverb G2 Camera

# Sensor extrinsics wrt. the body-frame.
T_BS:
  cols: 4
  rows: 4
  data: [-0.0599848995239452, -0.9845511162145, 0.16450201029131717, 0.05645131964241192,
      0.9646370462558942, -0.014800992811683733, 0.2631659164908946, 0.013367520829980857,
      -0.2566655037588928, 0.17447071436940617, 0.9506223166997623, 0.005817523980411749,
      0.0, 0.0, 0.0, 1.0]

# Camera specific definitions.
rate_hz: 30
resolution: [640, 480]
camera_model: pinhole
intrinsics: [268.32364529421596, 268.36616184269246, 323.18415014901007, 236.88768983819338] #fu, fv, cu, cv
distortion_model: radial-tangential8
distortion_coefficients: [0.5583172692824788, 0.5318767353683427, -4.8499786577281645e-05,
      -0.00010215399449113709, 0.008892983151449383, 0.8224870747364966, 0.5989619132003846,
      0.08178414100136008] # k1, k2, p1, p2, k3, k4, k5, k6



