# General sensor definitions.
sensor_type: camera
comment: Reverb G2 Camera

# Sensor extrinsics wrt. the body-frame.
T_BS:
  cols: 4
  rows: 4
  data: [0.04064854009491342, -0.9850960390247252, -0.16713315076893012, -0.05195440637617857,
      0.9639580399507583, -0.005353797389843817, 0.2660004399767062, 0.012655050280492696,
      -0.26293077682623045, -0.17192187397567016, 0.9493736228936684, 0.005695776071192284,
      0.0, 0.0, 0.0, 1.0]

# Camera specific definitions.
rate_hz: 30
resolution: [640, 480]
camera_model: pinhole
intrinsics: [269.6842474086801, 269.7882977693903, 322.5578605887897, 228.87319994407375] #fu, fv, cu, cv
distortion_model: radial-tangential8
distortion_coefficients: [0.30219806837496743, -0.02149991534580404, -0.0002497397372516134,
      6.0560040605677345e-05, 0.01581679697554863, 0.5750558896824219, -0.06263534784491315,
      0.033851495423692875] # k1, k2, p1, p2, k3, k4, k5, k6



