# General sensor definitions.
sensor_type: camera
comment: Samsung Odyssey+ Camera

# Sensor extrinsics wrt. the body-frame.
T_BS:
  cols: 4
  rows: 4
  data: [0.05458855286845413, 0.06773415129915167, 0.9962089011063451, 0.08047651761941818,
      -0.9637221207286739, -0.25747910500683213, 0.07031489531463364, 0.01551428498347744,
      0.2612656960145268, -0.9639069432433113, 0.051221488199587634, -0.030017654200964233,
      0.0, 0.0, 0.0, 1.0]

# Camera specific definitions.
rate_hz: 30
resolution: [640, 480]
camera_model: pinhole
intrinsics: [269.7435072920675, 270.0809356226911, 320.2882102145453, 232.11989600745244] #fu, fv, cu, cv
distortion_model: radial-tangential8
distortion_coefficients: [0.38103769826253503, 0.044423043182646844, -0.00026270579116007963,
      -1.3307311696896182e-05, 0.0132763824239275, 0.6550968994941907, 0.025731031147632248,
      0.03618845247232834] # k1, k2, p1, p2, k3, k4, k5, k6



