# General sensor definitions.
sensor_type: camera
comment: Samsung Odyssey+ Camera

# Sensor extrinsics wrt. the body-frame.
T_BS:
  cols: 4
  rows: 4
  data: [-0.04684095792433285, 0.058286940283299005, -0.9972003596334802, -0.0757213665829658,
      -0.9623623504515357, 0.2649068023771114, 0.06068848727501508, 0.014530127422240255,
      0.26770250483349334, 0.9625107888469331, 0.04368466846764807, -0.02939269417912614,
      0.0, 0.0, 0.0, 1.0]

# Camera specific definitions.
rate_hz: 30
resolution: [640, 480]
camera_model: pinhole
intrinsics: [271.6135146149873, 271.7305409932087, 324.4789443570868, 231.32161458022873] #fu, fv, cu, cv
distortion_model: radial-tangential8
distortion_coefficients: [0.16062287804829353, -0.4619920253125824, -0.00012181822302338947,
      5.581807266350449e-05, 0.025766025600398968, 0.4509012125456936, -0.5875401333907265,
      0.0029609360409961895] # k1, k2, p1, p2, k3, k4, k5, k6



